hadoop,张三,85,86,41,75,93,42,85
hadoop,李四,54,52,86,91,42
hadoop,王五,85,42,96,38
英语,赵柳,54,52,86,91,42,85,75
英语,刘亦菲,85,41,75,21,85,96,14
算法,刘亦菲,75,85,62,48,54,96,15
hadoop,田七,85,75,86,85,85
英语,刘亦菲,76,95,86,74,68,74,48
英语,黄大头,48,58,67,86,15,33,85
算法,黄磊,76,95,86,74,68,74,48
算法,田七,85,75,86,85,85,74,86
hadoop,黄大头,48,58,67,86,15,33,85
英语,周琦,85,86,41,75,93,42,85,75,55,47,22
英语,王五,85,42,96,38,55,47,22
算法,刘涛,85,75,85,99,66
hadoop,黄子韬,85,86,41,75,93,42,85
数学,王博强,85,86,41,75,93,42,85
hadoop,刘嘉玲,85,41,75,21,85,96,14,74,86
hadoop,刘亦菲,75,85,62,48,54,96,15
hadoop,刘涛,85,75,85,99,66,88,75,91
hadoop,黄磊,76,95,86,74,68,74,48
英语,刘嘉玲,75,85,62,48,54,96,15
数学,黄磊,76,95,86,74,68,74,48
数学,田七,85,75,86,85,85,74,86
数学,刘涛,48,58,67,86,15,33,85
英语,黄磊,85,75,85,99,66,88,75,91
数学,李四,54,52,86,91,42,85,75
数学,黄晓明,85,75,85,99,66,88,75,91
数学,刘嘉玲,85,86,41,75,93,42,85,75
英语,黄晓明,85,86,41,75,93,42,85
算法,黄大头,48,58,67,86,15,33,85
算法,黄子韬,85,86,41,75,93,42,85,75